=== Run information ===

Scheme:       weka.clusterers.SimpleKMeans -init 0 -max-candidates 100 -periodic-pruning 10000 -min-density 2.0 -t1 -1.25 -t2 -1.0 -N 4 -A "weka.core.EuclideanDistance -R first-last" -I 500 -num-slots 1 -S 9
Relation:     fedPapers85
Instances:    85
Attributes:   72
              a
              all
              also
              an
              and
              any
              are
              as
              at
              be
              been
              but
              by
              can
              do
              down
              even
              every
              for
              from
              had
              has
              have
              her
              his
              if
              in
              into
              is
              it
              its
              may
              more
              must
              my
              no
              not
              now
              of
              on
              one
              only
              or
              our
              shall
              should
              so
              some
              such
              than
              that
              the
              their
              then
              there
              things
              this
              to
              up
              upon
              was
              were
              what
              when
              which
              who
              will
              with
              would
              your
Ignored:
              author
              filename
Test mode:    Classes to clusters evaluation on training data

=== Clustering model (full training set) ===


kMeans
======

Number of iterations: 6
Within cluster sum of squared errors: 223.7310152134339

Initial starting points (random):

Cluster 0: 0.344,0.059,0,0.138,0.374,0.049,0.02,0.03,0.02,0.295,0.039,0.089,0.098,0.01,0,0,0.01,0.02,0.039,0.089,0.02,0.02,0.049,0,0,0.049,0.384,0.01,0.157,0.197,0.03,0.02,0,0.01,0,0.059,0.148,0.02,0.895,0.118,0.039,0.039,0.089,0,0.039,0.03,0,0,0.049,0.01,0.315,1.377,0.039,0.02,0.059,0,0.089,0.433,0,0.02,0.03,0.02,0.02,0,0.226,0,0.03,0.039,0.226,0
Cluster 1: 0.303,0.054,0.027,0.034,0.404,0.04,0.128,0.148,0.013,0.344,0.047,0.061,0.209,0.088,0,0,0.02,0.027,0.141,0.074,0,0.054,0.047,0,0.02,0.034,0.263,0.013,0.189,0.108,0.013,0.047,0.067,0.013,0,0.047,0.128,0,0.869,0.054,0.047,0.027,0.081,0.027,0,0,0.027,0.067,0.027,0.047,0.162,1.193,0.027,0.007,0.007,0,0.094,0.485,0,0,0.027,0.02,0.02,0.007,0.155,0.027,0.168,0.074,0.04,0
Cluster 2: 0.378,0.032,0.014,0.072,0.401,0.041,0.081,0.126,0.027,0.23,0.068,0.077,0.162,0.041,0.005,0,0.005,0.009,0.095,0.086,0.027,0.054,0.095,0.032,0.081,0.023,0.27,0.032,0.216,0.198,0.027,0.041,0.045,0.018,0,0.054,0.144,0.009,0.856,0.063,0.054,0.009,0.077,0.009,0.014,0.045,0.032,0.045,0.05,0.05,0.252,1.18,0.113,0.005,0.009,0,0.09,0.523,0,0.018,0.054,0.041,0,0.009,0.117,0.063,0.054,0.09,0.063,0
Cluster 3: 0.27,0.024,0.016,0.024,0.262,0.056,0.064,0.111,0.056,0.365,0.127,0.032,0.167,0.056,0,0,0.024,0.04,0.103,0.079,0.016,0.024,0.143,0,0.024,0.04,0.238,0.008,0.151,0.222,0.048,0.056,0.056,0.071,0,0.032,0.087,0,0.802,0.143,0.032,0.048,0.064,0.016,0.016,0.032,0.04,0.024,0.008,0,0.238,1.326,0.071,0.008,0,0,0.103,0.532,0,0,0.087,0.079,0.008,0.024,0.167,0,0.079,0.079,0.064,0

Missing values globally replaced with mean/mode

Final cluster centroids:
                         Cluster#
Attribute    Full Data          0          1          2          3
                (85.0)      (2.0)     (24.0)     (48.0)     (11.0)
==================================================================
a               0.2932     0.2775     0.2704     0.3169     0.2426
all             0.0528      0.058      0.057     0.0539     0.0381
also            0.0077          0     0.0115     0.0049     0.0125
an              0.0684      0.117     0.0541     0.0799     0.0405
and             0.3846      0.374     0.4276     0.3383     0.4951
any             0.0416     0.0295     0.0347     0.0478     0.0318
are             0.0771     0.0625     0.0902     0.0723     0.0719
as              0.1242      0.087     0.1373      0.118     0.1293
at              0.0443     0.0195     0.0337     0.0494     0.0496
be              0.3012     0.3105      0.296     0.3066      0.287
been            0.0597     0.0245     0.0492     0.0638     0.0708
but             0.0323      0.054     0.0332     0.0293     0.0395
by              0.1272      0.068     0.1623     0.1049     0.1585
can             0.0356      0.029     0.0354      0.039     0.0224
do              0.0063      0.005     0.0064     0.0067     0.0045
down            0.0015      0.005     0.0012     0.0019          0
even            0.0114       0.01     0.0089     0.0122     0.0136
every           0.0239      0.029      0.034     0.0208     0.0147
for             0.0938     0.0385     0.1018     0.0951     0.0807
from            0.0798      0.107     0.0799     0.0789     0.0784
had             0.0212       0.01     0.0196     0.0175     0.0427
has             0.0444       0.01     0.0426     0.0499     0.0305
have            0.0947      0.058     0.0814      0.101     0.1032
her             0.0081          0     0.0076      0.007     0.0152
his             0.0286          0      0.025     0.0339     0.0187
if              0.0273     0.0295     0.0248     0.0296     0.0225
in              0.3174      0.374     0.2749     0.3439      0.284
into            0.0241       0.01     0.0272     0.0221     0.0287
is              0.1563     0.1505     0.1678     0.1605     0.1139
it              0.1567     0.1415      0.145     0.1595     0.1731
its             0.0484      0.034     0.0455      0.053     0.0369
may             0.0618      0.077     0.0675     0.0624     0.0439
more            0.0456      0.005      0.057     0.0419     0.0443
must             0.033     0.0145     0.0295     0.0344     0.0382
my              0.0033          0     0.0021     0.0045     0.0008
no              0.0324      0.044     0.0373     0.0317     0.0224
not             0.0925     0.1365     0.0944      0.089     0.0955
now              0.006      0.015     0.0042     0.0063     0.0071
of              0.9094     0.8975      0.863     0.9601     0.7913
on              0.0693      0.059     0.1037     0.0464     0.0959
one             0.0408      0.053     0.0487     0.0354     0.0449
only            0.0229     0.0435     0.0244     0.0195     0.0307
or              0.0967      0.107     0.1036     0.0975     0.0766
our              0.023      0.005     0.0237     0.0223     0.0277
shall           0.0188      0.058     0.0165     0.0199     0.0117
should          0.0266      0.039     0.0145     0.0288     0.0407
so              0.0298      0.005     0.0293     0.0304      0.033
some            0.0199      0.005     0.0252      0.016     0.0278
such            0.0292     0.0435     0.0284     0.0283     0.0324
than             0.044     0.0195      0.046     0.0459     0.0355
that             0.212     0.2485     0.1802       0.22     0.2404
the             1.2808      1.421      1.301     1.2863     1.1872
their           0.0855      0.048     0.0872     0.0756     0.1317
then            0.0061     0.0195     0.0072     0.0044     0.0086
there           0.0264     0.0295     0.0117      0.038      0.007
things          0.0027          0     0.0017     0.0033     0.0025
this             0.087      0.097     0.0787      0.093     0.0774
to              0.5358     0.6045     0.4479     0.5888     0.4838
up              0.0035          0     0.0018     0.0042     0.0045
upon            0.0292      0.029     0.0008     0.0489     0.0054
was             0.0258       0.02     0.0214     0.0204     0.0602
were            0.0202      0.015     0.0149     0.0178     0.0435
what            0.0129      0.015     0.0128     0.0137      0.009
when            0.0117          0     0.0101     0.0127     0.0133
which           0.1578      0.199     0.1647     0.1599     0.1257
who             0.0325          0     0.0252     0.0348     0.0444
will            0.0986     0.0485     0.1204     0.0946      0.078
with            0.0797      0.048     0.0793     0.0806      0.082
would           0.1017     0.1655     0.0578     0.1202     0.1053
your             0.002          0     0.0014     0.0022     0.0029




Time taken to build model (full training data) : 0 seconds

=== Model and evaluation on training set ===

Clustered Instances

0       2 (  2%)
1      24 ( 28%)
2      48 ( 56%)
3      11 ( 13%)


Class attribute: author
Classes to Clusters:

  0  1  2  3  <-- assigned to cluster
  0  9  0  2 | dispt
  2  0 48  1 | Hamilton
  0  2  0  1 | HM
  0  2  0  3 | Jay
  0 11  0  4 | Madison

Cluster 0 <-- No class
Cluster 1 <-- Madison
Cluster 2 <-- Hamilton
Cluster 3 <-- Jay

Incorrectly clustered instances :	23.0	 27.0588 %

